<?xml version="1.0" encoding="UTF-8"?>
<!DOCTYPE svg PUBLIC "-//W3C//DTD SVG 1.1//EN" "http://www.w3.org/Graphics/SVG/1.1/DTD/svg11.dtd">
<!-- Creator: CorelDRAW 2020 (64-Bit) -->
<svg xmlns="http://www.w3.org/2000/svg" xml:space="preserve" width="8.4666mm" height="8.4666mm" version="1.1" style="shape-rendering:geometricPrecision; text-rendering:geometricPrecision; image-rendering:optimizeQuality; fill-rule:evenodd; clip-rule:evenodd"
viewBox="0 0 846.66 846.66"
 xmlns:xlink="http://www.w3.org/1999/xlink"
 xmlns:xodm="http://www.corel.com/coreldraw/odm/2003">
 <defs>
  <style type="text/css">
   <![CDATA[
    .fil0 {fill:none}
    .fil1 {fill:url(#id0)}
   ]]>
  </style>
  <linearGradient id="id0" gradientUnits="userSpaceOnUse" x1="25.4" y1="428.83" x2="832.33" y2="428.83">
   <stop offset="0" style="stop-opacity:1; stop-color:#0EF1A9"/>
   <stop offset="0.490196" style="stop-opacity:1; stop-color:#7586D5"/>
   <stop offset="1" style="stop-opacity:1; stop-color:#CF2CF9"/>
  </linearGradient>
 </defs>
 <g id="Layer_x0020_1">
  <metadata id="CorelCorpID_0Corel-Layer"/>
  <rect class="fil0" width="846.66" height="846.66"/>
  <path class="fil1" d="M138.76 378.98c0.3,-0.3 3.61,0.35 1.14,0.34l-0.35 -0.08c-0.08,-0.02 -1.9,0.85 -0.79,-0.26zm585.25 239.45c0,9.91 0.76,21.05 -1.22,30.62 -0.61,2.94 -0.36,7.24 -1.07,9.77 -0.54,1.94 -1.01,2.13 -1.35,3.74 -0.45,2.12 -0.24,3.08 -0.82,4.91 -0.86,2.68 -0.67,0.88 -1.36,4.37 -0.43,2.15 -0.58,2.37 -1.38,4.36l-6.12 15.53c-4.6,9.44 -6.49,11.17 -11,18.93 -3.68,6.34 -11,14.81 -16.28,20.02 -1.97,1.95 -3.44,3.48 -5.4,5.42l-11.59 10.07c-2.43,1.81 -4.16,3.11 -6.55,4.91 -9.81,7.37 -17.36,10.98 -27.12,16.82l-11.5 5.69c-0.62,0.33 -0.19,0.14 -0.82,0.46l-7.69 3.13c-3.69,1.41 -6.88,3.23 -10.82,3.83 -3.52,0.53 -5.32,1.51 -9.06,1.77 -4.09,0.28 -4.51,1.64 -8.94,1.88 -7.67,0.42 -9.88,2.1 -19.77,2.52 -3.05,0.14 -6.18,1.4 -9.06,1.77 -3.7,0.47 -7.58,0.02 -11.33,0.13 -6.79,0.2 -12.62,1.93 -20.36,1.93 -17.39,0 -41.39,1.2 -58.14,-1.07 -6.49,-0.88 -14.78,-0.49 -21.5,-1.43 -2.73,-0.38 -4.26,-1 -6.4,-1.24 -4.83,-0.55 -10.42,0 -14.81,-1.12 -5.6,-1.42 -11.01,-0.86 -16.65,-2.45 -4.72,-1.33 -7.32,-0.47 -13.1,-2.18 -3.61,-1.07 -6.87,-0.32 -10.08,-1.39 -3.01,-1.01 -2.34,-1.01 -6.42,-1.22 -3.8,-0.2 -4.12,-1.26 -6.54,-1.73 -2.9,-0.56 -3.83,-0.02 -6.7,-0.95l-18.71 -4.21c-0.64,-0.25 -1.21,-0.78 -2.7,-1.13 -1.49,-0.34 -2.05,-0.14 -3.47,-0.35 -2.42,-0.35 -3.13,-1.3 -5.92,-1.72l-12.55 -3.37c-1.91,-0.77 -3.94,-0.84 -6.09,-1.56l-14.64 -4.46c-2.26,-1.06 -0.19,-0.41 -2.96,-0.86 -2.77,-0.46 -3.18,-1.25 -5.79,-1.86l-61.08 -22.98c-0.13,-0.06 -0.28,-0.16 -0.41,-0.22l-13.18 -5.92c-0.13,-0.06 -0.3,-0.15 -0.42,-0.22 -1.27,-0.64 0.09,-0.02 -1.21,-0.7 -0.13,-0.07 -0.29,-0.16 -0.42,-0.22l-5.15 -2.49c-0.14,-0.06 -0.31,-0.13 -0.45,-0.19l-19.36 -9.93c-0.12,-0.08 -0.28,-0.17 -0.4,-0.24l-62.24 -40.29c-2.48,-2.03 -11.45,-8.01 -12.63,-10.94l7.11 3.08c1.36,0.59 1.05,0.43 2.81,1.02 2.79,0.92 2.14,1.07 5.11,1.89 2.75,0.76 4.85,1.94 7.91,2.29 2.9,0.32 1.09,-0.04 3.1,0.72 3.07,1.17 16.5,3.1 17.9,3.1 9.83,0 30.74,1.24 39.55,-1.21 4.54,-1.25 8.75,-0.15 13.63,-1.66 2.54,-0.79 0.92,-0.77 4.13,-0.95l9.23 -1.6c2.82,-0.69 6.08,-0.51 8.94,-1.25l8.49 -1.7c2.02,-0.29 1.89,-0.61 3.96,-1.14l13.32 -2.6c3.98,-0.27 13.09,-3.42 16.6,-3.78 9.62,-0.98 17.09,-4.02 26.71,-4.49 3.55,-0.17 5.16,-1.49 8.35,-1.83 3.37,-0.37 6.35,0.14 9.78,-0.42 3.53,-0.57 5.9,-1.57 9.26,-1.57l35.66 0c3.49,0 5.27,0.96 8.62,1.57 3.64,0.67 6.6,0.07 9.88,0.96 1.48,0.4 2.69,0.91 3.96,1.12l8.42 1.78c1.98,0.59 2.94,0.61 4.84,0.89l20.01 6.1c0.66,0.23 1.54,0.72 1.73,0.81l9.72 3.66c1.46,0.65 2.18,0.99 3.59,1.51l74.35 41.55c1.22,0.88 2.12,1.69 3.3,2.43 1.15,0.73 2.08,1.15 3.16,1.94l21.73 15.2c1.18,0.89 1.85,1.25 3.01,2.09l9.18 6.74c2.34,1.77 11.02,8.21 12.76,8.27 1.98,0.07 1.84,-0.85 1.33,-2.46l-18.82 -34.2c-0.84,-1.22 -1.29,-2.18 -2.17,-3.57l-1.62 -2.2c-0.08,-0.1 -0.21,-0.24 -0.29,-0.34l-2.24 -3.49c-0.07,-0.12 -0.16,-0.28 -0.24,-0.4 -5.15,-8.43 -11.76,-15.74 -17.98,-23.41l-4.89 -5.93c-1.02,-1.19 -1.44,-1.56 -2.48,-2.63l-39.86 -35.92 -24.47 -15.65c-1.45,-0.79 -2.29,-1.32 -3.61,-2.12l-21.75 -10.09c-6.66,-2.78 -16.98,-6.59 -23.88,-7.96l-8.19 -2c-5.99,-0.89 -3.87,-1.66 -8.72,-2.11l-8.71 -1.48c-3.25,-0.59 -6.38,-0.25 -10.28,-0.55 -6.21,-0.47 -13.25,-1.88 -19.76,-1.88 -3.39,0 -11.09,0.33 -14.41,0.88 -2.5,0.42 -3.84,0.98 -6.59,1.06 -9.41,0.23 -11.65,0.86 -20.79,2.13l-22.08 4.67c-1.42,0.48 -1.06,0.73 -2.66,1.16 -3.8,1.01 -8.46,1.42 -12.32,2.96 -1.87,0.73 -0.47,0.52 -2.77,1.06l-5.8 1.84c-1.47,0.53 -1.72,0.41 -3.07,0.75 -0.97,0.24 -0.73,0.18 -1.47,0.44 -2.92,1.02 -4.59,1.16 -6.89,-0.89l-12.22 -10.71c-1.17,-1.1 -0.67,-0.71 -2.03,-1.79l-12.66 -10.27c-0.1,-0.08 -0.24,-0.2 -0.34,-0.29l-0.69 -0.58c-0.52,-0.45 -0.46,-0.41 -1.02,-0.89l-5.58 -4.61c-0.14,-0.13 -0.55,-0.47 -0.69,-0.59l-29.88 -25.52c-0.8,-0.72 -0.55,-0.47 -1.04,-0.88l-3.72 -3.28c-0.09,-0.09 -0.23,-0.23 -0.32,-0.32 -0.51,-0.51 -0.46,-0.48 -0.94,-0.97l-20.25 -19.87c-0.36,-0.39 -0.63,-0.72 -0.9,-1.01 -0.09,-0.1 -0.22,-0.23 -0.31,-0.33l-16.45 -19.21c-5.39,-6.09 -9.86,-13.28 -14.34,-20.05l-0.5 -0.78c-0.07,-0.11 -0.17,-0.27 -0.25,-0.38l-28.98 -56.36c-0.06,-0.13 -0.14,-0.3 -0.21,-0.43l-2.2 -5.44c-0.9,-1.93 -0.25,0.02 -1.14,-2.67 -0.33,-1.02 -0.5,-1.64 -1.04,-2.79l-3.13 -8.33c-0.71,-2.07 -0.23,-0.94 -1.08,-2.74 -0.83,-1.73 -0.72,-4.14 -1.62,-6.02l17 13.56c0.11,0.09 0.26,0.19 0.37,0.27l8.13 5.88c0.41,0.28 0.67,0.43 1.15,0.77l31.99 20.23c1.04,0.62 0.15,0.14 1.17,0.73l42.85 22.12c1.25,0.65 1.12,0.55 2.65,1.16l8.66 4.08c0.15,0.06 0.33,0.11 0.47,0.17l3.99 1.74c0.15,0.05 0.32,0.11 0.47,0.17l24.03 10.36c1.14,0.48 1.08,0.61 2.59,1.23l16.05 6.88c1.32,0.52 0.05,-0.01 1.31,0.59 1.6,0.75 1.27,0.6 3.14,1.32l12.02 5.17c1.29,0.55 1.57,0.5 2.77,1.06l34.38 15.29c1.21,0.51 1.79,0.69 3.1,1.36l13.86 6.51c1.4,0.71 1.72,0.79 2.96,1.5l57.93 33.78c1.73,1.37 2.68,2.22 4.69,3.59l2.18 1.63c0.84,0.69 1.58,1.29 2.49,1.97 1.78,1.33 2.88,2.28 4.65,3.63l15.75 13.55c0.1,0.09 0.23,0.22 0.33,0.31l15.66 12.99c0,-2.99 -0.51,-4.2 -1.36,-6.91 -0.56,-1.77 -0.31,-2.93 -0.85,-4.89l-19.4 -41.1c-4.6,-7.17 -9.88,-13.86 -15.22,-20.44 -0.99,-1.22 -1.76,-1.77 -2.74,-2.99l-8.93 -9.54c-0.12,-0.14 -0.48,-0.54 -0.6,-0.67l-29.86 -26.18c-0.1,-0.09 -0.25,-0.2 -0.36,-0.28l-19.6 -13.52c-0.57,-0.37 -0.68,-0.44 -1.15,-0.76 -0.65,-0.43 -1.29,-0.87 -1.9,-1.29 -0.85,-0.57 -0.48,-0.37 -1.54,-1l-38.69 -21.8c-0.17,-0.1 -0.64,-0.39 -0.8,-0.48l-5.54 -2.74c-1.2,-0.61 -0.84,-0.49 -1.65,-0.89l-24.8 -11.51c-4.74,-2.17 -8.15,-4.1 -11.86,-7.88l-33.3 -28.47c-0.6,-0.51 -0.83,-0.7 -1.36,-1.19l-8.98 -7.58c-0.05,-0.05 -0.69,-0.71 -0.94,-0.97 -0.13,-0.13 -0.5,-0.51 -0.63,-0.64l-10.01 -9.1c-0.1,-0.09 -0.24,-0.21 -0.33,-0.3l-15.36 -15.22c-1.09,-1.09 -1.81,-1.75 -2.85,-2.88l-6.48 -6.89c-8.06,-8.78 -15.3,-18.35 -22.24,-28.07 -0.11,-0.15 -0.43,-0.58 -0.54,-0.73 -0.08,-0.1 -0.21,-0.25 -0.29,-0.35l-33.43 -64.01 -2.65 -9.45c-0.59,-2.58 -1.08,-1.47 -1.63,-4.1l-9.47 -38.92c-1.03,-2.71 -0.43,-2.51 -1.08,-5.29 -0.7,-2.97 -1.01,-1.58 -1.54,-4.19 -0.53,-2.54 -0.17,-2.8 -1.11,-5.27 -0.8,-2.12 -0.24,-0.06 -0.68,-1.86l-1.18 -5.19c-1.29,-3.06 -3.43,-8.44 -3.5,-11.78 3.91,1.05 8.7,8.02 12.08,10.84l4.4 3.88c0.1,0.09 0.23,0.22 0.33,0.31 0.09,0.09 0.23,0.22 0.32,0.31l25.01 19.58c0.11,0.07 0.28,0.16 0.39,0.24l9.31 6.61c0.15,0.11 0.59,0.43 0.74,0.53 0.44,0.3 0.73,0.47 1.18,0.74l39.81 23.87c0.13,0.07 0.29,0.15 0.42,0.21l3.8 1.94c0.12,0.07 0.29,0.16 0.41,0.22 0.13,0.07 0.3,0.15 0.42,0.22l6.34 3.21c0.84,0.5 1.39,0.89 2.38,1.44 1.44,0.81 1.6,0.77 2.99,1.47l7.48 3.99c0.13,0.06 0.31,0.13 0.44,0.19l2.08 1.11c0.13,0.07 0.29,0.15 0.42,0.21 0.13,0.07 0.3,0.14 0.44,0.2 0.13,0.07 0.31,0.13 0.44,0.19l0.89 0.39c0.13,0.07 0.29,0.15 0.42,0.22l28.74 14.56c6.67,3.8 13.75,6.39 20.39,10.19 1.75,1 3.49,1.79 5.1,2.53 2.22,1.03 3.07,1.67 5.03,2.61l8.02 4.08c0.14,0.07 0.31,0.13 0.44,0.2 0.13,0.07 0.29,0.15 0.42,0.21l21.97 11.79c1.22,0.6 1.42,0.71 2.54,1.28l23.19 13.75c0.12,0.07 0.27,0.17 0.39,0.25l2.8 1.66c0.11,0.07 0.26,0.18 0.38,0.25l4.62 3.02c8.92,5.24 17.62,11.88 25.53,18.41l1.42 1.13c8.59,6.13 16.47,13.92 23.55,21.66l7.19 8.1c0.09,0.09 0.23,0.22 0.31,0.32 4.3,4.71 7.67,10.28 11.46,15.3l2.1 3.63c1.03,1.76 1.78,2.96 2.87,4.77 0.71,1.17 0.92,1.46 1.42,2.4l8.98 18.4c2.08,6.05 5.43,11.75 7.61,17.87l14.52 33.87c0.28,0.71 0.2,0.67 0.51,1.4l7.26 15.67c2.4,5.97 5.74,11.15 8.49,16.99l25.88 44.17c1.18,1.84 1.94,2.76 3.1,4.53l20.35 26.15c0.74,0.86 0.97,1.14 1.76,2.06l2.78 2.95c4.48,4.84 8.98,9.75 14.02,14 0.1,0.09 0.24,0.21 0.34,0.29l0.7 0.58c0.14,0.12 0.55,0.47 0.69,0.59l20.74 16.19c0.12,0.08 0.28,0.17 0.4,0.24l48.88 21.18c2.53,0.97 3.45,0.9 6.65,0.98 4.01,0.1 2.94,0.72 6.37,1.28 7.18,1.17 15.52,0.64 22.91,0.64 6.44,0 8.67,-1.88 14.66,-1.9 2.93,-0.01 11.04,-2.07 13.36,-3.19 -2.12,-2.91 -5.18,-1.6 -9.09,-2.37 -3.9,-0.76 -5.51,-1.41 -10.02,-1.44l-25.63 -6.21c-0.21,-0.05 -0.84,-0.17 -1.04,-0.23 -5.01,-1.44 -12.71,-5.05 -17.33,-7.52 -0.52,-0.27 -1.07,-0.55 -1.66,-0.88 -0.12,-0.07 -0.27,-0.17 -0.39,-0.25 -0.12,-0.07 -0.28,-0.17 -0.39,-0.24l-0.78 -0.49c-0.13,-0.07 -0.28,-0.17 -0.41,-0.24 -9.7,-5.43 -18.56,-12.17 -26.73,-19.76l-19.34 -21.41 -30.77 -50.74 -6.9 -14.76c-0.53,-1.33 0,-0.06 -0.59,-1.32 -0.15,-0.33 -0.55,-1.07 -0.82,-1.73l-14.22 -35.45c-1.49,-5.67 -7.3,-18.62 -8.38,-23.46 -0.43,-1.9 0,-0.84 -0.65,-2.54l-1.58 -4.79c-0.22,-0.63 -0.77,-1.63 -0.82,-1.72 -0.75,-1.68 -0.24,-0.04 -0.77,-2.42l-3.47 -10.53c-0.27,-0.69 -0.55,-1.81 -0.73,-2.46l-11.58 -31.72c-2.26,-4.79 -3.61,-9.87 -5.95,-14.44l-10.39 -18.89c-0.5,-0.84 -0.51,-0.92 -0.94,-1.62 -0.44,-0.71 -0.82,-1.21 -1.29,-1.89l-2.38 -3.35c-0.86,-1.31 -1.39,-2.46 -2.17,-3.57 -6.81,-9.76 -11.82,-15.39 -19.5,-23.8l-9.68 -10.06c-0.09,-0.09 -0.23,-0.23 -0.32,-0.32 -0.09,-0.09 -0.23,-0.22 -0.32,-0.31l-44.22 -34.12c-2.4,-1.43 1.5,0.98 -0.78,-0.49l-4.61 -3.03c-0.12,-0.07 -0.29,-0.16 -0.41,-0.23 -0.11,-0.07 -0.28,-0.17 -0.4,-0.24l-25.62 -14.5c-0.12,-0.06 -0.27,-0.16 -0.4,-0.23l-0.86 -0.41c-0.02,-0.01 -0.88,-0.37 -0.9,-0.38 -8.24,-3.87 -16.25,-8.7 -24.79,-12.15l-11.13 -4.79c-1.28,-0.57 0.16,0.01 -1.26,-0.64l-34.82 -14.22c-1.45,-0.56 -1.08,-0.24 -2.52,-0.66l-5.97 -2.32c-2.01,-0.75 -0.44,-0.25 -2.17,-1.01 -8.17,-3.6 -17.3,-6.01 -25.67,-9.36l-23.25 -8.59c-0.17,-0.08 -0.65,-0.36 -0.83,-0.44 -1.03,-0.44 -0.54,-0.17 -1.46,-0.46l-23.65 -8.82c-1.46,-0.69 0.25,-0.01 -1.21,-0.71l-37.33 -15.52c-8.01,-4.14 -16.74,-7.53 -24.66,-12.27l-6.57 -3.62c-0.13,-0.07 -0.29,-0.15 -0.42,-0.22 -0.13,-0.07 -0.29,-0.16 -0.41,-0.23l-19.7 -12.78c-1.29,-0.89 -2.13,-1.21 -3.56,-2.17 -1.67,-1.14 -2.09,-1.73 -3.54,-2.83 -1.09,-0.84 -2.12,-1.55 -3.29,-2.44 -0.56,-0.43 -0.8,-0.62 -1.42,-1.13l-14.26 -12.48c-0.1,-0.09 -0.25,-0.21 -0.35,-0.29 -0.1,-0.08 -0.25,-0.2 -0.35,-0.29 -1.57,-1.37 -7.31,-9.02 -8.59,-6.11 -0.68,1.56 0.6,1.73 1.22,3.91 0.75,2.63 0.37,2.03 1.36,4.4l7.04 27.98c0.66,5.64 2.1,8.95 2.07,15.12 -0.02,4.16 0.74,6.41 1.46,10 0.95,4.73 0.57,16.06 1.19,22.38 0.34,3.51 1.21,5.75 1.2,10.27 -0.02,3.41 -0.29,8.11 0.07,11.38l1.67 10.43c0.44,2.9 0.48,8.1 0.72,10.75l2.45 15.38c0.48,1.62 0.84,2.41 1.17,4.56l0.99 4.75c0.05,0.14 0.14,0.3 0.19,0.44l19.82 50.24c0.06,0.12 0.17,0.27 0.24,0.39 0.07,0.12 0.17,0.27 0.24,0.39l9.19 15.02c0.08,0.11 0.18,0.26 0.26,0.37l25.76 31.56c0.13,0.13 0.51,0.5 0.64,0.63l8.28 8.28c0.73,0.68 0.97,0.86 1.66,1.52 2.09,1.95 8.59,6.12 9.42,8.42l-11.91 -4.65c-0.14,-0.06 -0.31,-0.13 -0.45,-0.2 -0.13,-0.06 -0.29,-0.15 -0.42,-0.21l-18.14 -8.61c-2.59,-1.44 -4.72,-2.31 -7.24,-3.58 -0.8,-0.39 -0.69,-0.35 -1.67,-0.88l-13.07 -7.31c-1.1,-0.62 -0.18,-0.22 -1.62,-0.92l-14.73 -8.84c-0.11,-0.08 -0.27,-0.18 -0.38,-0.25 -0.12,-0.08 -0.28,-0.18 -0.39,-0.25l-9.59 -6.33c-0.1,-0.09 -0.25,-0.21 -0.35,-0.29 -6.32,-5.17 -13.35,-9.46 -19.5,-14.89l-8.15 -7.13c-0.58,-0.45 0.05,-0.02 -1.09,-0.82 -1.54,-1.08 -2.06,-1.55 -4.02,-1.71 0,7.18 5.88,18.89 9.22,25.8 2.31,4.77 3.24,9.43 5.08,14.66 0.52,1.48 0.73,1.38 1.16,2.67 0.54,1.64 0.27,2.09 0.78,3.68 0.59,1.88 0.78,1.3 1.23,2.59l4 15.74c0.55,2.53 0.44,4.65 1.2,7.08 1.82,5.82 2.84,14.15 3.51,20.05 0.28,2.46 1.48,4.03 1.76,6.52 0.41,3.63 -0.3,3.39 0.98,6.65 1.51,3.82 0.51,3.08 1.16,7.13 0.38,2.38 1.32,2.95 1.75,5.89l4.83 19.37c0.57,1.45 0.61,0.6 1.23,2.59 0.44,1.43 0.2,1.72 0.69,3.13l6.99 17.21c0.61,1.16 0.66,1.38 1.26,2.56 0.71,1.4 0.57,0.86 1.25,2.57l1.14 2.68c0.01,0.02 0.56,0.88 0.73,1.18l17.83 29.94c0.32,0.45 0.49,0.7 0.78,1.13l27.15 32.07c0.31,0.28 0.84,0.74 1.02,0.9 0.09,0.09 0.23,0.22 0.32,0.31 0.1,0.09 0.23,0.22 0.33,0.31l13.23 11.6c1.67,1.45 3.02,2.4 4.66,3.63 1.47,1.1 2.83,2.05 4.31,3.32l2.77 2.33c0.11,0.07 0.27,0.18 0.38,0.25l11.83 7.92c0.11,0.08 0.26,0.19 0.37,0.26l8.56 5.46c1.24,0.81 0.16,0.12 1.18,0.73l5.97 3.58c1.21,0.66 1.81,0.85 2.96,1.5l4.52 2.48c0.13,0.07 0.29,0.16 0.41,0.22l10.43 5.5c0.13,0.07 0.28,0.16 0.41,0.23l17.19 8.28c0.13,0.07 0.3,0.15 0.43,0.21 0.14,0.05 0.32,0.11 0.46,0.17l3.99 1.75c0.13,0.06 0.3,0.13 0.44,0.19l15.09 7.2c-2.69,0.06 -1.42,-0.1 -3.16,0.66 -1.47,0.64 -0.48,0.5 -2.58,1.24l-33.62 12.24c-3.65,1.07 -7.96,3.24 -11.78,4.14l-30.8 8.04c-1.72,0.29 -4.59,0.23 -7.14,0.5 -2.68,0.29 -3.63,1.2 -7.08,1.2 -5.39,0 -11.32,0.18 -16.46,-0.73 -6.06,-1.08 -13.44,-1.41 -19.48,-3.45l-5.88 -1.76c-1.8,-0.53 -0.72,-0.45 -2.62,-1.2 -1.34,-0.53 -1.62,-0.37 -2.95,-0.87 -0.86,-0.32 -1.42,-0.76 -2.56,-1.26 -1.11,-0.49 -1.68,-0.59 -2.78,-1.06 -7.15,-3.04 -6.44,-0.51 -4.09,4.09l15.7 26.35c0.07,0.11 0.19,0.26 0.26,0.37l19.58 25c0.09,0.09 0.22,0.23 0.31,0.33l5.31 5.51c0.09,0.09 0.23,0.22 0.33,0.31l19.83 19.65c0.1,0.09 0.23,0.22 0.33,0.31l9.99 8.47c1.03,0.82 1.62,1.37 2.42,2.05l25.87 19.34c1.93,1.44 3.48,2.13 5.38,3.54l4.73 2.91c0.15,0.11 0.6,0.42 0.75,0.52l19.36 11.85c0.75,0.5 1.9,1.28 2.72,1.74l12.11 6.35c1.22,0.68 1.88,0.91 2.99,1.47l8.78 4.59c0.13,0.07 0.3,0.15 0.43,0.22l11.81 5.38c1.53,0.77 1.3,0.69 3.08,1.38 0.14,0.06 0.32,0.11 0.47,0.17l2.59 1.23c8.76,3.75 17.66,8.11 26.82,10.75l6.06 2.22c0.14,0.06 0.3,0.13 0.44,0.19 6.33,2.7 13.47,4.69 19.85,6.9l48.24 12.89c3.85,0.39 3.87,1.48 7.08,1.84l7.29 1.62c2.82,0.79 5.31,0.09 8.01,0.91 4.1,1.24 2.85,1.17 8.17,1.39 3.37,0.13 4.48,1.06 7.27,1.64 2.22,0.47 6.14,0.49 8.14,0.78 5.64,0.79 10.34,2.01 15.79,2.04 1.5,0.01 2.84,-0.12 4.32,0.14l11.61 1.76c4.31,0.23 9.05,-0.46 13.37,0.01 3.75,0.4 1.41,1.26 3.83,1.26l48.4 0c1.67,0 2.69,-1.29 5.68,-1.31 7.38,-0.05 13.76,-0.08 20.69,-1.61 3.95,-0.86 9.27,-0.29 13.34,-1.3 3.71,-0.92 8.96,-0.91 12.76,-1.89 2.35,-0.61 2.85,-1.32 5.5,-1.51 9.25,-0.65 5.11,-1.22 12.68,-1.96l14.64 -3.83c4.98,-0.75 10.19,-3.3 14.74,-4.37 5.75,-1.35 10.82,-3.63 16.32,-5.33l46.59 -15.82 11.03 -5.53c0.12,-0.07 0.28,-0.16 0.4,-0.23l18.53 -10.77c0.58,-0.36 0.67,-0.37 1.2,-0.71l6.41 -4.42c0.11,-0.08 0.26,-0.19 0.36,-0.27l3.27 -2.47c0.1,-0.08 0.24,-0.2 0.34,-0.29l11.45 -9.57c0.1,-0.08 0.23,-0.22 0.33,-0.31 0.09,-0.09 0.23,-0.21 0.33,-0.3l14.73 -14.57c0.47,-0.51 0.4,-0.45 0.89,-1.02 0.09,-0.1 0.21,-0.24 0.29,-0.34 5.79,-6.8 11.69,-14.12 16.39,-21.83l15.77 -32.62c2.4,-6.32 4.77,-12.77 6.1,-19.37 0.44,-2.19 1.49,-3.72 1.71,-5.93 0.4,-3.91 -0.2,-2.64 1.1,-5.92 1.14,-2.9 0.88,-3.11 0.89,-6.74 0.01,-5.43 1.92,-7.73 1.92,-13.37 0,-13.81 1.15,-26.58 -1.55,-39.21 -0.85,-3.98 0.24,-5.76 -1.26,-9.55 -1.44,-3.64 -0.57,-5.42 -1.91,-8.92l-2.38 -8.45c-2.3,-5.77 -3.75,-12.22 -6.34,-17.86l-2.29 -5.35c-2.48,-6.17 -5.69,-11.17 -8.55,-16.93 -6.79,-13.66 -19.13,-29.36 -29.22,-40.83 -0.08,-0.1 -0.2,-0.25 -0.29,-0.35 -0.08,-0.1 -0.2,-0.24 -0.29,-0.34 -0.56,-0.65 -0.9,-1.02 -1.48,-1.71 -1.03,-1.24 -1.19,-1.67 -2.24,-2.86l-5.13 -5.68c-1.01,-1.16 -1.71,-1.81 -2.82,-2.92l-29.33 -27.98c-0.14,-0.13 -0.54,-0.48 -0.67,-0.6l-22.12 -19.29c-0.09,-0.09 -0.23,-0.22 -0.32,-0.3l-30.54 -26.15c-0.1,-0.08 -0.25,-0.2 -0.35,-0.29l-3.7 -3.3c-0.1,-0.08 -0.25,-0.2 -0.35,-0.29l-8.22 -7.06c-0.1,-0.09 -0.24,-0.22 -0.33,-0.31 -0.1,-0.08 -0.23,-0.22 -0.33,-0.31l-16.15 -15.05c-0.64,-0.58 -0.79,-0.68 -1.37,-1.17l-25.14 -27.09c-1.32,-1.49 -1.36,-1.84 -2.39,-3.33l-8.19 -10.92c-0.12,-0.15 -0.44,-0.57 -0.56,-0.72 -0.07,-0.11 -0.19,-0.26 -0.26,-0.37 -0.08,-0.11 -0.19,-0.26 -0.27,-0.37 -0.08,-0.11 -0.18,-0.27 -0.26,-0.38 -0.7,-1.01 -1.19,-1.79 -2.05,-3.04 -0.11,-0.16 -0.41,-0.61 -0.52,-0.76l-1.85 -2.61c-0.6,-0.94 -1.27,-2.23 -1.92,-3.17 -0.62,-0.89 -0.54,-0.66 -1.12,-1.42l-12.11 -18.47c-0.07,-0.12 -0.17,-0.27 -0.24,-0.39l-0.67 -1.24c-0.07,-0.13 -0.14,-0.3 -0.21,-0.43l-14.54 -26.21c-1.01,-1.83 -0.98,-1.73 -1.91,-3.82l-2 -4.37c-0.08,-0.19 -0.33,-0.69 -0.42,-0.86l-14.92 -40.48c-0.29,-1.2 -0.15,-1.7 -0.3,-2.89 -0.28,-2.14 -0.71,-2.28 -1.29,-3.8 -1.51,-4 -4.35,-29.59 -4.35,-34.5l6.63 -38.58 8.7 -17.41c0.49,-0.77 0.41,-0.76 0.93,-1.62 0.6,-0.99 0.6,-0.97 1.29,-1.89l22.65 -21.93c0.11,-0.08 0.25,-0.2 0.36,-0.28l9.78 -5.5c3.78,-2.2 8.44,-4.25 12.62,-5.22 2.79,-0.64 2.29,-1.15 4.11,-1.61 2.38,-0.61 2.93,-0.01 5.45,-0.93 5.78,-2.11 19.43,-3.1 25.55,-3.1l29.09 4.66c2.53,1.08 3.66,0.74 6.31,1.97 2.24,1.03 -0.27,0.16 2.25,0.93 2.79,0.86 1.73,0.51 4.08,1.66 0.62,0.3 1.2,0.49 1.81,0.73l7.76 3.71c0.53,0.31 1.64,0.92 2.05,1.13l5.36 2.92c1.25,0.74 0.8,0.44 1.97,1.22 5.78,3.81 11.81,7.61 16.76,12.53 0.09,0.09 0.22,0.23 0.31,0.32l1.59 1.59c0.1,0.1 0.24,0.22 0.34,0.31l25.3 30.77c3.19,5.18 0.73,3.71 0.73,11.33 0,3.84 1.12,4.68 1.28,8.28 0.21,5.07 0.92,7.39 1.93,12.08l2.48 12.16c0.52,3.9 1.43,3.86 1.93,7.63l13.47 43.85c0.06,0.13 0.14,0.3 0.2,0.44l5.99 12.47c2.56,4.35 4.79,9.19 7.74,13.28l12.7 15.32c8.88,8.93 11.49,7.85 16.27,11.11 2.2,1.49 4.17,5.92 5.78,8.23 0.49,0.71 0.56,0.88 1.02,1.53l14.26 15.67c3.79,3.21 7.23,6.37 11.58,8.8l2.83 1.63c6.37,3.71 13.43,6.65 20.49,8.8 4.03,1.23 4.08,2.81 8.07,-0.4 4.42,-3.54 0.26,-10.13 -1.54,-13.77 -0.06,-0.13 -0.13,-0.31 -0.19,-0.44 -0.07,-0.14 -0.13,-0.32 -0.19,-0.45l-7.88 -16.33c-0.7,-1.85 -1.24,-2.7 -1.76,-3.97 -0.05,-0.14 -0.12,-0.31 -0.18,-0.45l-4.11 -14.36c-0.3,-2.18 -0.24,-4.17 -0.52,-5.85 -0.96,-5.8 -3.33,-12.83 -0.4,-17.84l2.15 -4.21c0.06,-0.13 0.15,-0.3 0.21,-0.43 0.05,-0.15 0.12,-0.32 0.17,-0.47l0.8 -2.38c0.6,-1.4 -0.03,0.29 0.64,-1.27 0.71,-1.62 0.25,-0.52 0.76,-2.43 0.59,-2.27 1.28,-2.93 1.66,-4.7l2.1 -10.63c0.69,-16.06 0.03,-13.84 -1.95,-28.01 -0.4,-2.87 -2.3,-6.72 -3.42,-9.31 -0.94,-2.18 -0.86,-2.36 -1.93,-4.44 -0.61,-1.19 -0.49,-1.07 -1.09,-2.1l-0.74 -1.17c-0.07,-0.12 -0.17,-0.28 -0.24,-0.4l-25.41 -30.63c-0.09,-0.09 -0.23,-0.22 -0.33,-0.31l-22.5 -16.97c-0.54,-0.33 -0.85,-0.56 -1.16,-0.76 -1.03,-0.67 -0.73,-0.5 -1.99,-1.19l-12.13 -6.34c-3.2,-1.63 -3.65,-4.35 -5.31,-7.43 -4.9,-9.03 -9.68,-17.96 -15.69,-26.34l-5.85 -7.52c-0.13,-0.14 -0.5,-0.52 -0.62,-0.66 -1.2,-1.29 -1.82,-2.33 -2.82,-3.54l-21.84 -22.11c-1.21,-1.04 -2.47,-1.78 -3.62,-2.74l-7.37 -6.01c-0.11,-0.08 -0.26,-0.19 -0.37,-0.27l-16.75 -10.63c-0.11,-0.08 -0.27,-0.17 -0.39,-0.24l-1.62 -0.93c-0.13,-0.07 -0.31,-0.13 -0.44,-0.2 -0.66,-0.31 -0.64,-0.23 -1.33,-0.57l-2.5 -1.33c-0.14,-0.07 -0.31,-0.13 -0.45,-0.19l-11.73 -5.47c-1.53,-0.76 -0.85,-0.38 -2.26,-0.92l-21.66 -6.99c-2.48,-0.99 -2.6,-0.39 -5.58,-0.79 -1.7,-0.23 -3.37,-1.08 -4.91,-1.46 -3.32,-0.82 -8.29,-0.37 -11.36,-1.38l-1.85 -0.7c-4.18,-0.9 -17.59,-0.11 -22.16,-0.13 -2.59,-0.01 -5.34,-0.17 -7.64,0.64 -3.83,1.35 -10.03,1.2 -14.19,2.38 -2.22,0.62 -3.07,0.53 -5.53,0.83l-18.07 5.49c-0.7,0.22 -0.85,0.18 -1.52,0.4l-21.31 9.88 -22.07 15.51c-2.63,1.98 -4.27,3.69 -6.73,6.01l-13.2 14.82c-0.08,0.11 -0.19,0.26 -0.27,0.36l-3.75 5.17c-0.92,1.4 -1.77,2.32 -2.73,3.64 -3.57,4.95 -6.85,10.69 -9.27,16.2l-0.39 0.89c-0.53,1.14 -0.03,0 -0.65,1.26 -0.49,1.02 -0.42,0.93 -0.96,2.22 -0.75,1.77 -1.05,2.26 -1.71,4.02l-10.11 34.47c-0.22,4.53 -0.52,6.7 -1.51,10.59 -0.94,3.64 -0.18,8.31 -0.4,12.34 -0.26,4.9 -0.9,6.39 -0.18,11.63 0.88,6.38 -0.4,8.73 1.19,17.28 0.8,4.34 0.34,7.68 1.15,11.58 0.36,1.68 1.07,3.03 1.41,4.96 0.38,2.15 0.02,3.86 0.53,5.84 0.49,1.9 1.24,2.46 1.54,4.84 0.54,4.31 1.2,4.26 1.89,7.65l12.52 37.8c0.58,1.46 0.57,1.19 1.05,2.13 1.35,2.7 2.29,5.75 3.65,8.45l2.88 6.04c0.07,0.13 0.14,0.3 0.2,0.43l26.1 46.5c0.65,0.96 0.54,0.73 1.25,1.94l47.98 61.55c0.71,0.78 0.58,0.72 1.53,1.66l6.48 6.25c0.09,0.1 0.23,0.23 0.32,0.32l80.13 68.26c0.09,0.08 0.22,0.22 0.32,0.31l12.1 10.19c0.14,0.12 0.51,0.49 0.65,0.62l10.81 9.57c0.1,0.09 0.24,0.22 0.33,0.31l2.66 2.44c0.09,0.09 0.23,0.22 0.32,0.31 0.1,0.08 0.23,0.22 0.33,0.3l16.76 16.36c0.09,0.1 0.22,0.24 0.31,0.33l14.32 16.25c3.85,4.11 8.5,10.93 11.65,15.73 0.78,1.18 0.49,0.87 1.17,2.01l4.98 8.4c5.29,9.78 8.2,17.91 11.7,28.42 1.66,4.99 3.11,9.9 3.37,15.73 0.19,4.24 1.9,6.41 1.9,10.84z"/>
 </g>
</svg>
